Distribution of wage earners by level of net compensation
Net compensation interval    Number    Cumulative Number    Percent of total    Aggregate amount    Average amount
0.01 - 4,999.99    21,998,602    21,998,602    13.68117    45,947,590,035.97    2,088.66
5,000.00 - 9,999.99    13,624,172    35,622,774    22.15420    100,940,657,957.98    7,408.94
10,000.00 - 14,999.99    12,177,077    47,799,851    29.72726    151,704,646,170.37    12,458.22
15,000.00 - 19,999.99    11,447,662    59,247,513    36.84668    199,948,703,593.05    17,466.34
20,000.00 - 24,999.99    10,963,340    70,210,853    43.66491    246,384,413,969.77    22,473.48
25,000.00 - 29,999.99    10,325,845    80,536,698    50.08666    283,543,493,511.95    27,459.59
30,000.00 - 34,999.99    9,655,024    90,191,722    56.09123    313,279,705,596.26    32,447.33
35,000.00 - 39,999.99    8,789,737    98,981,459    61.55766    329,127,171,707.27    37,444.48
40,000.00 - 44,999.99    7,778,317    106,759,776    66.39508    330,102,410,679.00    42,438.80
45,000.00 - 49,999.99    6,747,818    113,507,594    70.59163    320,111,341,014.06    47,439.24
50,000.00 - 54,999.99    5,908,794    119,416,388    74.26637    309,752,650,640.69    52,422.31
55,000.00 - 59,999.99    5,011,077    124,427,465    77.38282    287,824,282,652.63    57,437.61
60,000.00 - 64,999.99    4,386,907    128,814,372    80.11108    273,799,570,427.85    62,412.90
65,000.00 - 69,999.99    3,749,141    132,563,513    82.44271    252,789,763,641.30    67,426.05
70,000.00 - 74,999.99    3,243,117    135,806,630    84.45964    234,905,731,521.40    72,432.09
75,000.00 - 79,999.99    2,823,966    138,630,596    86.21590    218,667,995,937.92    77,432.94
80,000.00 - 84,999.99    2,434,615    141,065,211    87.73001    200,689,946,433.51    82,431.90
85,000.00 - 89,999.99    2,105,050    143,170,261    89.03917    184,066,380,860.58    87,440.38
90,000.00 - 94,999.99    1,825,535    144,995,796    90.17449    168,725,030,151.96    92,424.98
95,000.00 - 99,999.99    1,585,528    146,581,324    91.16055    154,494,954,100.08    97,440.70
100,000.00 - 104,999.99    1,392,110    147,973,434    92.02631    142,583,353,052.11    102,422.48
105,000.00 - 109,999.99    1,210,012    149,183,446    92.77883    129,991,455,870.66    107,429.89
110,000.00 - 114,999.99    1,053,891    150,237,337    93.43426    118,496,342,039.05    112,437.00
115,000.00 - 119,999.99    936,378    151,173,715    94.01660    109,979,515,987.84    117,452.05
120,000.00 - 124,999.99    840,373    152,014,088    94.53924    102,868,891,642.63    122,408.61
125,000.00 - 129,999.99    729,958    152,744,046    94.99321    93,027,200,258.23    127,441.85
130,000.00 - 134,999.99    650,208    153,394,254    95.39758    86,102,637,436.29    132,423.22
135,000.00 - 139,999.99    572,515    153,966,769    95.75363    78,688,078,567.21    137,442.82
140,000.00 - 144,999.99    512,673    154,479,442    96.07247    73,023,059,061.39    142,435.94
145,000.00 - 149,999.99    456,659    154,936,101    96.35647    67,338,519,812.25    147,459.09
150,000.00 - 154,999.99    419,880    155,355,981    96.61760    63,989,314,515.00    152,399.05
155,000.00 - 159,999.99    369,341    155,725,322    96.84730    58,149,862,772.40    157,442.21
160,000.00 - 164,999.99    327,979    156,053,301    97.05127    53,273,334,851.00    162,429.10
165,000.00 - 169,999.99    293,571    156,346,872    97.23385    49,157,620,125.77    167,447.13
170,000.00 - 174,999.99    263,976    156,610,848    97.39802    45,522,264,244.33    172,448.50
175,000.00 - 179,999.99    239,456    156,850,304    97.54694    42,489,085,037.29    177,440.05
180,000.00 - 184,999.99    221,681    157,071,985    97.68480    40,437,169,353.97    182,411.53
185,000.00 - 189,999.99    198,893    157,270,878    97.80850    37,282,610,283.83    187,450.59
190,000.00 - 194,999.99    182,883    157,453,761    97.92223    35,196,478,503.16    192,453.53
195,000.00 - 199,999.99    170,830    157,624,591    98.02847    33,735,697,585.56    197,481.11
200,000.00 - 249,999.99    1,145,842    158,770,433    98.74109    254,381,169,724.72    222,003.71
250,000.00 - 299,999.99    620,691    159,391,124    99.12710    169,157,910,435.17    272,531.60
300,000.00 - 349,999.99    366,948    159,758,072    99.35531    118,490,473,047.88    322,908.08
350,000.00 - 399,999.99    240,346    159,998,418    99.50478    89,730,495,896.08    373,338.84
400,000.00 - 449,999.99    166,199    160,164,617    99.60815    70,369,733,294.71    423,406.48
450,000.00 - 499,999.99    119,152    160,283,769    99.68225    56,439,742,434.92    473,678.52
500,000.00 - 999,999.99    373,385    160,657,154    99.91446    248,324,019,916.27    665,061.59
1,000,000.00 - 1,499,999.99    69,423    160,726,577    99.95763    83,303,067,651.33    1,199,934.71
1,500,000.00 - 1,999,999.99    25,193    160,751,770    99.97330    43,226,966,764.34    1,715,832.44
2,000,000.00 - 2,499,999.99    12,963    160,764,733    99.98136    28,821,134,224.82    2,223,338.29
2,500,000.00 - 2,999,999.99    7,419    160,772,152    99.98598    20,236,877,695.54    2,727,709.62
3,000,000.00 - 3,499,999.99    4,751    160,776,903    99.98893    15,342,488,874.37    3,229,317.80
3,500,000.00 - 3,999,999.99    3,395    160,780,298    99.99104    12,694,957,274.04    3,739,309.95
4,000,000.00 - 4,499,999.99    2,443    160,782,741    99.99256    10,351,620,305.73    4,237,257.60
4,500,000.00 - 4,999,999.99    1,859    160,784,600    99.99372    8,807,255,724.59    4,737,630.84
5,000,000.00 - 9,999,999.99    6,858    160,791,458    99.99798    46,583,713,177.58    6,792,609.10
10,000,000.00 - 19,999,999.99    2,262    160,793,720    99.99939    30,417,759,024.29    13,447,285.16
20,000,000.00 - 49,999,999.99    777    160,794,497    99.99987    22,525,194,382.34    28,989,954.16
50,000,000.00 and over    202    160,794,699    100.00000    18,472,484,561.61    91,447,943.37
